 1948 2024
1948  1009.123  1014.001  1016.664  1020.682  1016.016  1015.449  1017.244  1017.843  1015.484  1010.816  1010.593  1014.172
1949  1011.996  1010.893  1006.939  1013.548  1015.502  1016.559  1018.756  1017.023  1013.076  1012.413  1008.084  1010.479
1950  1014.873  1010.398  1008.130  1015.494  1015.471  1015.510  1016.233  1012.764  1012.617  1010.765  1016.373  1007.969
1951  1008.319  1011.156  1015.687  1011.914  1012.735  1014.202  1017.913  1016.231  1012.423  1011.466  1009.468  1013.850
1952  1010.376  1007.719  1014.058  1013.688  1015.810  1014.477  1018.433  1016.993  1014.384  1012.421  1008.903  1003.775
1953  1002.535  1008.159  1014.610  1010.399  1013.402  1017.134  1018.201  1016.702  1015.668  1010.532  1005.937  1008.118
1954  1010.840  1007.356  1016.823  1017.539  1013.655  1013.361  1018.150  1016.843  1015.005  1010.674  1005.620  1011.769
1955  1007.096  1015.402  1016.184  1016.586  1014.877  1015.606  1016.983  1018.184  1016.159  1013.068  1013.023  1011.473
1956  1010.204  1012.856  1013.954  1014.201  1013.636  1015.266  1018.800  1015.037  1013.904  1016.210  1010.962  1007.557
1957  1013.798  1011.296  1007.927  1014.948  1011.941  1012.764  1018.565  1016.287  1011.652  1010.732  1008.594  1012.350
1958  1001.038  1002.693  1014.453  1012.535  1013.812  1014.542  1016.447  1016.552  1014.036  1014.630  1011.243  1005.689
1959  1008.399  1013.361  1012.826  1016.050  1014.963  1014.750  1018.352  1017.102  1012.191  1010.362  1009.198  1010.156
1960  1005.939  1007.612  1013.396  1014.805  1014.865  1016.562  1017.036  1016.993  1016.063  1011.902  1012.129  1005.514
1961   999.578  1006.766  1010.347  1018.123  1014.963  1016.406  1018.278  1015.765  1015.816  1015.663  1012.504  1009.840
1962  1010.106  1007.667  1013.304  1018.474  1018.177  1016.759  1018.252  1017.080  1015.639  1010.945  1008.451  1006.719
1963  1002.471  1002.305  1017.385  1017.516  1015.844  1016.342  1018.472  1016.297  1010.690  1012.346  1011.288  1003.242
1964  1006.283  1010.020  1014.550  1019.469  1020.823  1013.767  1016.528  1016.021  1015.031  1014.250  1012.164  1010.714
1965  1005.681  1010.002  1010.872  1015.953  1016.293  1014.156  1017.403  1015.651  1014.986  1011.965  1013.940  1013.277
1966  1004.235  1012.755  1012.161  1015.575  1016.233  1014.015  1017.622  1016.282  1010.333  1014.314  1015.429  1006.732
1967  1008.040  1008.751  1015.836  1020.988  1018.420  1014.383  1019.016  1014.016  1010.167  1010.297  1012.606  1010.040
1968  1010.077  1000.051  1012.309  1017.288  1016.173  1016.218  1015.891  1015.240  1015.923  1010.718  1006.372  1013.569
1969  1012.409  1008.912  1012.887  1012.337  1012.725  1013.227  1018.991  1016.856  1012.162  1010.556  1010.413  1001.773
1970  1005.975  1002.609  1007.914  1017.113  1016.853  1014.646  1016.104  1016.811  1014.340  1014.476  1014.315  1011.852
1971  1012.397  1007.639  1011.211  1014.747  1014.248  1014.460  1016.261  1015.264  1015.275  1015.204  1011.729  1014.193
1972  1012.725  1010.694  1009.848  1019.804  1014.761  1015.533  1017.952  1014.636  1014.779  1014.901  1009.704  1010.728
1973  1008.322  1008.212  1010.608  1016.764  1014.432  1015.097  1017.617  1017.817  1014.255  1014.801  1014.832  1005.321
1974  1006.613  1011.162  1007.382  1014.526  1015.464  1015.980  1017.063  1014.586  1014.351  1010.739  1010.512  1006.118
1975  1010.938  1008.156  1014.398  1018.884  1014.540  1016.581  1015.797  1017.492  1016.451  1013.755  1012.435  1007.019
1976  1004.081  1013.128  1013.797  1015.313  1014.503  1015.763  1015.072  1015.433  1011.753  1012.197  1007.679  1005.061
1977   999.016  1001.183  1016.826  1016.830  1015.612  1015.161  1017.819  1014.026  1016.616  1011.428  1012.482  1009.996
1978  1000.569  1000.558  1008.851  1013.985  1017.647  1018.110  1017.459  1015.191  1013.892  1012.254  1011.239  1012.852
1979  1006.274  1014.246  1008.151  1015.654  1013.366  1018.902  1016.903  1014.243  1012.302  1008.799  1012.459  1008.989
1980  1006.584   999.868  1010.532  1011.328  1014.535  1018.831  1017.145  1018.322  1014.715  1010.473  1007.709  1005.696
1981   996.444  1005.350  1006.987  1014.894  1013.154  1014.900  1019.235  1015.368  1014.527  1014.255  1008.771  1008.193
1982  1009.349  1011.888  1014.807  1018.031  1016.540  1013.250  1016.685  1017.827  1014.843  1015.204  1009.125  1005.952
1983  1001.166   997.664  1003.401  1016.234  1015.521  1013.569  1017.073  1017.827  1016.755  1014.117  1005.025  1007.091
1984  1006.777  1007.504  1005.011  1015.599  1015.495  1014.878  1018.525  1015.698  1012.159  1011.953  1008.043  1010.797
1985  1000.045  1014.156  1016.995  1017.624  1015.625  1015.553  1017.427  1018.134  1015.871  1015.656  1012.523  1001.794
1986  1001.437  1000.524  1007.696  1018.114  1015.262  1013.852  1017.827  1015.375  1015.040  1010.959  1011.886  1001.001
1987  1003.217  1005.452  1008.282  1012.302  1016.469  1013.988  1015.868  1016.649  1015.426  1012.446  1009.716  1009.487
1988  1005.401  1004.180  1011.884  1013.575  1013.459  1014.025  1017.643  1015.629  1016.171  1011.553  1009.801  1008.350
1989  1012.011  1015.037  1013.511  1015.953  1017.433  1016.447  1018.853  1015.905  1013.414  1014.568  1014.047  1005.283
1990  1007.568  1017.466  1010.159  1015.758  1014.354  1015.801  1016.905  1015.136  1013.637  1014.460  1019.135  1011.874
1991  1007.735  1002.747  1014.725  1014.045  1014.458  1016.240  1016.624  1014.946  1011.723  1013.577  1008.351  1007.755
1992   998.857  1007.000  1010.310  1013.946  1015.854  1013.802  1017.300  1015.840  1014.961  1011.697  1009.836  1013.118
1993  1010.811  1002.441  1007.559  1009.700  1012.521  1014.999  1016.906  1015.846  1015.664  1012.497  1013.885  1006.818
1994  1008.311  1010.403  1012.370  1013.972  1013.615  1016.867  1017.205  1017.517  1013.803  1012.658  1016.694  1005.396
1995  1002.194  1006.591  1011.941  1013.898  1013.839  1014.578  1016.824  1017.254  1010.190  1012.921  1011.947   999.683
1996  1008.297  1007.986  1010.939  1009.612  1015.821  1016.669  1018.217  1018.088  1014.616  1014.327  1012.279  1009.816
1997  1002.044  1004.221  1014.987  1011.382  1012.880  1014.845  1015.953  1015.972  1012.468  1013.286  1009.987  1008.352
1998  1000.739  1000.197  1008.107  1015.104  1015.820  1017.741  1017.809  1018.759  1014.462  1013.899  1008.964  1011.370
1999  1007.954  1006.905  1012.035  1017.124  1015.720  1014.030  1019.115  1014.377  1014.292  1014.492  1011.322  1010.541
2000  1013.544  1000.900  1005.931  1015.081  1016.255  1015.367  1017.372  1018.064  1013.408  1012.854  1009.133  1003.245
2001  1001.996  1009.456  1011.584  1016.053  1015.522  1016.504  1017.406  1016.401  1013.721  1013.919  1006.789  1006.736
2002  1007.860  1010.131  1014.464  1018.434  1014.353  1013.670  1016.849  1016.200  1014.544  1010.215  1004.548  1003.256
2003   999.585  1007.487  1010.435  1014.465  1015.922  1013.694  1018.198  1016.418  1013.245  1011.442  1018.101  1003.769
2004  1005.070  1001.845  1014.031  1011.560  1015.177  1016.520  1014.979  1013.885  1015.940  1012.549  1011.085  1009.237
2005  1004.002  1008.070  1008.352  1014.000  1011.914  1014.608  1017.014  1014.914  1016.083  1012.962  1013.883   999.542
2006  1007.956  1014.382  1014.783  1015.506  1016.498  1016.503  1016.333  1018.122  1014.749  1014.178  1014.748  1004.944
2007  1008.528  1008.169  1012.744  1009.865  1015.506  1016.255  1014.671  1016.071  1013.916  1013.329  1007.586  1010.560
2008  1009.328  1005.848  1013.189  1018.181  1014.138  1016.952  1016.559  1014.833  1013.982  1015.422  1010.813  1014.715
2009  1009.585  1014.813  1017.400  1015.877  1016.032  1013.162  1015.782  1016.233  1013.597  1010.734  1012.187  1004.340
2010  1000.045  1005.009  1010.865  1015.219  1016.230  1015.993  1018.843  1018.115  1012.753  1011.563  1013.833  1013.509
2011  1003.184  1015.801  1009.338  1015.098  1014.863  1014.751  1017.271  1015.038  1012.879  1012.673  1014.064  1009.692
2012  1007.493  1006.074  1014.313  1015.065  1016.265  1014.659  1018.380  1016.971  1015.321  1012.850  1012.289  1009.336
2013  1006.320  1009.696  1013.914  1016.049  1015.919  1015.748  1018.261  1013.930  1013.172  1012.501  1015.437  1010.295
2014  1002.872  1010.843  1009.580  1010.809  1017.438  1016.410  1016.727  1014.387  1012.056  1011.166  1008.513  1005.101
2015  1004.450  1007.601  1013.654  1015.870  1014.653  1015.557  1015.214  1016.398  1015.794  1009.746  1015.939  1006.168
2016   999.073  1003.231  1008.529  1010.488  1017.149  1017.593  1020.140  1018.833  1015.590  1009.519  1009.238  1014.106
2017  1008.763  1008.155  1011.022  1011.233  1014.916  1013.768  1018.070  1015.268  1014.000  1015.341  1016.306  1009.667
2018  1007.143  1014.437  1017.329  1013.250  1015.278  1014.566  1020.473  1017.027  1016.655  1010.452  1010.860  1007.649
2019  1003.793  1014.628  1010.055  1011.572  1014.744  1016.913  1016.143  1015.399  1014.045  1014.499  1009.741  1007.804
2020  1010.164  1011.118  1019.988  1013.997  1012.720  1015.556  1016.848  1014.749  1014.624  1015.285  1012.878  1003.435
2021  1006.429  1011.018  1019.421  1018.344  1015.204  1014.237  1019.203  1016.284  1014.812  1013.552  1012.208  1016.391
2022  1004.517  1007.784  1011.722  1015.446  1016.817  1015.035  1017.413  1016.315  1014.536  1014.935  1015.307  1007.717
2023  1004.532  1014.450  1017.589  1015.465  1017.044  1014.577  1018.554  1016.050  1015.700  1011.689  1012.047  1007.906
2024  1003.891  1010.360  1011.667  1018.706  1017.581  1014.670  1018.628  1017.315  1014.584  1015.501  -999.000  -999.000
-999
Trenberth and Hurrell North Pacific Index (Monthly)
From https://climatedataguide.ucar.edu/sites/default/
Date produced Nov 22 2024
Stored at NOAA/PSL 
Datasets used 10.1 from NCAR Monthly SLP
https://psl.noaa.gov/data/month/DS/NP/
