 1948 2024
1948    -0.768    -0.671    -0.844    -0.743    -0.846    -0.752    -0.786    -0.743    -0.877    -0.802    -0.848    -0.714
1949    -0.769    -0.789    -0.795    -0.893    -0.981    -0.866    -0.693    -0.932    -1.006    -0.989    -0.865    -0.847
1950    -0.656    -0.544    -0.571    -0.675    -0.700    -0.519    -0.584    -0.615    -0.914    -0.830    -0.767    -0.840
1951    -0.729    -0.836    -0.798    -0.799    -0.674    -0.773    -0.808    -0.890    -0.645    -0.512    -0.585    -0.556
1952    -0.541    -0.535    -0.620    -0.621    -0.667    -0.804    -0.853    -0.931    -0.745    -0.692    -0.802    -0.797
1953    -0.657    -0.556    -0.492    -0.554    -0.628    -0.675    -0.666    -0.680    -0.820    -0.678    -0.640    -0.497
1954    -0.487    -0.404    -0.485    -0.572    -0.723    -0.672    -0.682    -0.594    -0.760    -0.803    -0.885    -0.890
1955    -0.538    -0.643    -0.734    -0.909    -1.068    -1.027    -0.815    -0.686    -0.566    -0.726    -0.805    -0.807
1956    -0.732    -0.715    -0.617    -0.701    -0.857    -0.822    -0.746    -0.767    -0.810    -0.701    -0.613    -0.580
1957    -0.511    -0.561    -0.518    -0.458    -0.371    -0.566    -0.645    -0.595    -0.717    -0.638    -0.587    -0.542
1958    -0.329    -0.234    -0.316    -0.414    -0.507    -0.528    -0.491    -0.472    -0.461    -0.540    -0.704    -0.629
1959    -0.588    -0.411    -0.476    -0.539    -0.431    -0.530    -0.585    -0.567    -0.547    -0.529    -0.476    -0.464
1960    -0.452    -0.503    -0.418    -0.449    -0.408    -0.623    -0.570    -0.592    -0.568    -0.605    -0.499    -0.453
1961    -0.471    -0.415    -0.502    -0.533    -0.651    -0.727    -0.738    -0.734    -0.725    -0.690    -0.639    -0.467
1962    -0.472    -0.629    -0.539    -0.497    -0.576    -0.506    -0.431    -0.433    -0.478    -0.429    -0.559    -0.526
1963    -0.539    -0.611    -0.628    -0.520    -0.372    -0.502    -0.554    -0.487    -0.530    -0.614    -0.527    -0.460
1964    -0.249    -0.244    -0.359    -0.262    -0.472    -0.470    -0.450    -0.558    -0.469    -0.496    -0.831    -0.856
1965    -0.804    -0.678    -0.842    -0.712    -0.762    -0.814    -0.941    -0.851    -0.800    -0.769    -0.665    -0.651
1966    -0.553    -0.348    -0.459    -0.587    -0.732    -0.673    -0.579    -0.611    -0.470    -0.517    -0.480    -0.526
1967    -0.657    -0.766    -0.737    -0.649    -0.587    -0.572    -0.691    -0.653    -0.592    -0.598    -0.728    -0.646
1968    -0.754    -0.766    -0.717    -0.742    -0.675    -0.422    -0.427    -0.500    -0.459    -0.399    -0.521    -0.480
1969    -0.355    -0.363    -0.279    -0.183    -0.223    -0.299    -0.364    -0.315    -0.245    -0.241    -0.274    -0.226
1970    -0.119    -0.205    -0.099    -0.289    -0.316    -0.355    -0.284    -0.258    -0.283    -0.313    -0.353    -0.525
1971    -0.477    -0.571    -0.646    -0.635    -0.636    -0.719    -0.660    -0.491    -0.421    -0.549    -0.601    -0.648
1972    -0.575    -0.439    -0.632    -0.629    -0.650    -0.628    -0.676    -0.651    -0.570    -0.442    -0.319    -0.223
1973    -0.175    -0.226    -0.244    -0.248    -0.381    -0.309    -0.295    -0.204    -0.143    -0.294    -0.433    -0.518
1974    -0.788    -0.775    -0.755    -0.735    -0.627    -0.651    -0.507    -0.456    -0.399    -0.494    -0.608    -0.638
1975    -0.625    -0.580    -0.583    -0.645    -0.538    -0.670    -0.421    -0.421    -0.405    -0.590    -0.718    -0.823
1976    -0.754    -0.757    -0.736    -0.630    -0.697    -0.638    -0.592    -0.575    -0.650    -0.449    -0.392    -0.460
1977    -0.401    -0.384    -0.526    -0.432    -0.397    -0.366    -0.529    -0.461    -0.484    -0.537    -0.464    -0.433
1978    -0.283    -0.345    -0.275    -0.379    -0.454    -0.347    -0.317    -0.398    -0.488    -0.636    -0.570    -0.434
1979    -0.271    -0.186    -0.188    -0.284    -0.380    -0.350    -0.472    -0.439    -0.447    -0.409    -0.329    -0.259
1980    -0.278    -0.382    -0.272    -0.351    -0.213    -0.312    -0.294    -0.327    -0.381    -0.291    -0.197    -0.200
1981    -0.299    -0.332    -0.229    -0.358    -0.231    -0.190    -0.094    -0.249    -0.186    -0.034    -0.155    -0.307
1982    -0.326    -0.305    -0.341    -0.344    -0.309    -0.423    -0.606    -0.540    -0.495    -0.433    -0.373    -0.135
1983    -0.211    -0.153    -0.174    -0.148    -0.201    -0.106    -0.268    -0.189    -0.082    -0.150    -0.309    -0.375
1984    -0.300    -0.404    -0.317    -0.328    -0.434    -0.593    -0.525    -0.464    -0.288    -0.382    -0.293    -0.450
1985    -0.349    -0.275    -0.293    -0.293    -0.367    -0.478    -0.431    -0.453    -0.381    -0.434    -0.359    -0.246
1986    -0.395    -0.318    -0.463    -0.380    -0.185    -0.232    -0.202    -0.382    -0.564    -0.338    -0.363    -0.364
1987    -0.318    -0.408    -0.223    -0.244    -0.068    -0.129    -0.196    -0.172    -0.126    -0.077     0.013    -0.110
1988     0.010     0.216     0.157     0.079    -0.039    -0.098    -0.007     0.161     0.222     0.106    -0.174    -0.347
1989    -0.206    -0.331    -0.270    -0.307    -0.324    -0.389    -0.217    -0.207    -0.061    -0.102    -0.170    -0.199
1990    -0.203     0.005    -0.143    -0.126    -0.069    -0.156    -0.126    -0.169    -0.275    -0.133    -0.188    -0.216
1991    -0.147    -0.191    -0.166    -0.155    -0.141    -0.167    -0.080    -0.105    -0.238    -0.304    -0.352    -0.403
1992    -0.359    -0.286    -0.340    -0.252    -0.161    -0.177    -0.218    -0.246    -0.269    -0.315    -0.482    -0.505
1993    -0.503    -0.584    -0.405    -0.410    -0.435    -0.367    -0.440    -0.476    -0.416    -0.553    -0.302    -0.390
1994    -0.355    -0.169    -0.280    -0.271    -0.294    -0.369    -0.417    -0.406    -0.545    -0.382    -0.319    -0.266
1995    -0.241    -0.164    -0.284    -0.175    -0.145    -0.060    -0.008     0.047    -0.062    -0.043    -0.073    -0.202
1996    -0.162    -0.128    -0.137    -0.193    -0.209    -0.099     0.029    -0.008     0.039    -0.035    -0.066    -0.083
1997    -0.213    -0.329    -0.305    -0.285    -0.339    -0.240    -0.328    -0.431    -0.371    -0.255    -0.250    -0.001
1998     0.007     0.256     0.230     0.179     0.096     0.143     0.247     0.327     0.245     0.117    -0.026    -0.168
1999    -0.111    -0.079    -0.006    -0.144    -0.332    -0.350    -0.232    -0.275    -0.161    -0.132    -0.167    -0.183
2000    -0.100    -0.186    -0.295    -0.184    -0.265    -0.411    -0.268    -0.065     0.066     0.052     0.040    -0.107
2001    -0.044    -0.042     0.039     0.067     0.058     0.053    -0.032    -0.044    -0.023     0.060    -0.023    -0.028
2002    -0.003    -0.115    -0.006     0.166     0.162     0.145     0.058    -0.109    -0.068     0.035     0.095     0.202
2003     0.156     0.209     0.115     0.156     0.104     0.087     0.091     0.062     0.075     0.100     0.046    -0.083
2004     0.060     0.136     0.088     0.097    -0.174    -0.253    -0.231    -0.292    -0.190    -0.153    -0.055     0.020
2005     0.068     0.184     0.199    -0.039     0.017     0.022     0.054     0.079    -0.008     0.063     0.024    -0.000
2006    -0.005     0.046    -0.003    -0.097     0.035     0.050    -0.110    -0.146    -0.126    -0.241    -0.069     0.094
2007     0.122     0.101    -0.025    -0.039     0.013     0.176     0.020     0.016     0.053    -0.001    -0.138    -0.140
2008    -0.046    -0.197    -0.332    -0.346    -0.445    -0.418    -0.248    -0.074     0.120     0.077     0.010     0.010
2009    -0.002    -0.041     0.093     0.051     0.116     0.154     0.182     0.228     0.063     0.082     0.048     0.036
2010     0.074     0.243     0.275     0.312     0.373     0.389     0.354     0.263     0.319     0.237     0.161     0.025
2011    -0.131    -0.110    -0.115    -0.237    -0.133    -0.147    -0.147    -0.053    -0.087    -0.009     0.103     0.152
2012     0.105     0.044    -0.149     0.051     0.129    -0.048    -0.096    -0.008     0.027     0.055     0.119     0.229
2013     0.146     0.220     0.192     0.181     0.147     0.027     0.052     0.054     0.120     0.084     0.203     0.136
2014     0.109     0.011     0.030     0.122     0.307     0.321     0.112     0.134     0.159     0.149     0.195     0.273
2015     0.171     0.151     0.188     0.143     0.205     0.232     0.106     0.116     0.147     0.137     0.283     0.426
2016     0.540     0.449     0.640     0.573     0.541     0.454     0.469     0.415     0.344     0.301     0.232     0.165
2017     0.165     0.083     0.132    -0.013     0.106     0.145     0.247     0.301     0.293     0.254     0.266     0.170
2018     0.178     0.065     0.126     0.132     0.131     0.021     0.010     0.017     0.011     0.157     0.172     0.152
2019     0.116     0.022     0.039     0.143     0.163     0.227     0.242     0.133     0.030     0.151     0.096     0.289
2020     0.404     0.403     0.461     0.469     0.369     0.458     0.581     0.545     0.453     0.311     0.230     0.180
2021     0.062     0.078     0.148     0.033     0.104     0.097     0.218     0.347     0.272     0.286     0.301     0.271
2022     0.311     0.193     0.302     0.249     0.233     0.375     0.265     0.231     0.357     0.285     0.229     0.181
2023     0.009     0.003     0.128     0.316     0.253     0.246     0.301     0.300     0.210     0.212     0.267     0.368
2024     0.592     0.659     0.500 -9999.000 -9999.000 -9999.000 -9999.000 -9999.000 -9999.000 -9999.000 -9999.000 -9999.000
-9999
PACWARMPOOL ERSSTV5
06/2024
empty
Timeseries output created at NOAA PSL
60E-170E; 15S-15N area average anomalies
Climo is 1991 to 2020
